9751
4284
8437
1938
6718
8719
4602
3063
6562
1605
1528
6242
18
1491
3570
6919
1997
8688
1784
6712
7648
4803
4441
4766
3788
6668
2235
8858
7787
5231
7206
9025
1624
541
3342
1665
8814
3353
977
6647
3644
867
6444
8684
3939
1842
7669
4647
6852
555
4842
1174
3111
420
9700
5008
3044
1718
6857
494
663
5064
19
3841
6400
4130
5015
9208
8859
1038
7830
5759
4076
7650
859
3824
2030
6848
2167
5157
4194
2665
2068
9071
3232
4253
4891
2853
1056
229
845
4496
2776
9520
5764
2490
5109
3312
984
5327
6797
7205
7357
8195
8028
3513
9405
8327
5943
2970
1292
679
35
9844
4118
5293
1539
571
4881
9919
8714
1052
6769
914
1463
3896
4212
1654
7361
9428
6090
1077
5381
2057
7059
8811
6836
3408
2757
4413
6072
9351
7836
3882
2741
9246
1426
5133
3468
9677
1492
4449
6267
3427
2413
8449
7339
8079
3959
7724
5940
6959
2606
2618
7805
8011
1764
5098
6677
6081
2808
4865
3308
9796
8554
8727
8806
7932
7609
8130
3977
3406
9052
4598
8370
8809
6595
9432
3758
4143
7843
3319
3956
9177
1352
7376
1953
4242
8163
9039
7217
8982
405
9202
4781
5412
50
5510
7475
9720
5136
1837
6468
9143
2224
95
6437
4162
3218
6571
9908
2534
6880
9745
8619
5954
1190
9242
723
5674
5080
6454
1645
6958
9756
4933
1705
7381
2424
3662
943
3523
2287
4402
9865
5353
8897
4897
726
3211
2371
7020
7737
281
6050
2481
7762
3845
7471
3834
2958
4771
5555
1673
3252
6996
7227
9519
8577
3879
7972
6826
5771
4461
9707
678
1294
8677
7455
4116
1644
4252
5883
5234
4187
9277
4531
31
8041
6878
4928
5935
9040
2450
3259
5974
5850
318
3117
6622
2007
7073
7870
2479
6447
1756
5931
4276
1731
6683
267
874
762
6524
8088
24
147
213
4489
8769
8066
3461
4824
6034
2896
2565
1452
5151
1527
3016
1009
7911
902
1817
971
38
4459
6085
6073
7761
5871
1108
8010
2680
4517
4097
2497
6856
6572
8274
2492
4732
3115
7867
1329
9255
895
2732
7683
3848
1536
6554
3605
9595
1279
4121
1300
1394
6398
3261
13
6915
4801
4545
5751
606
7979
8135
7055
6796
9516
2548
5950
616
8927
706
8082
8382
3184
1892
5253
3696
9628
5490
7708
7560
9582
2600
4998
8465
7740
197
3914
7656
5092
6553
6945
2580
8533
1592
1283
7176
6397
4254
658
4846
1675
1453
9393
797
1332
5447
5723
479
533
9854
443
4707
4666
9920
2922
8406
2909
5489
1668
2502
2487
7512
4144
4931
1962
1666
1370
6702
4043
3277
2651
5516
7179
7211
2254
3913
4903
1741
9934
3725
2929
3997
3198
3081
8952
4590
4990
83
1219
6705
219
196
9197
5117
5493
6260
2579
8142
7410
9847
3881
1204
8205
525
5567
5733
2642
2404
4689
1067
3657
7922
2720
2300
8146
1895
4267
5010
4507
182
1862
6652
3114
299
9558
6626
4403
3142
6853
6331
9382
2973
5587
5513
4592
2697
4758
4451
3867
3248
3557
7225
6823
3508
7484
1381
382
3801
4315
4055
1393
1048
6119
8383
3292
9833
3987
7807
3606
3601
5882
4645
6296
1846
2204
3850
5252
2920
1110
9254
6729
3615
484
4447
7372
1912
2292
9529
1690
4104
807
9123
9158
3400
3307
300
8253
8040
6557
2890
5420
8180
8664
2072
6676
4464
303
9413
4075
8526
8692
2778
1252
6229
2088
6787
2689
8311
8242
8144
2309
8836
6879
5397
266
1450
8257
9235
1648
1744
8873
8319
8045
6577
9561
7994
5900
8716
410
491
8941
6624
5363
1256
7190
6312
4873
6916
4054
1356
193
120
834
7661
1083
286
9571
2979
6365
9159
7999
8755
8878
3428
1207
6473
1873
6169
497
9947
8490
7499
9165
8905
7449
4098
1172
4786
2366
1139
8044
5319
4840
3496
1489
6435
9352
2154
1205
3521
2621
3382
5829
5369
7534
7998
7815
8909
7528
6984
2332
2044
1192
1136
8220
151
3110
8804
784
1417
8237
737
1685
296
8456
8263
7523
722
215
7685
6261
7800
1447
6174
1538
9019
1066
4918
999
9104
4834
8506
5245
1991
3413
5677
3152
1187
1431
5797
1884
6344
4832
3381
5329
6574
4975
6083
3968
7002
4874
6792
3273
5706
8423
7692
9742
3136
9440
9785
8104
9995
2441
6300
877
9711
3052
3765
4094
4027
4944
2284
6168
8839
5264
1896
8673
1534
5807
3661
8025
9271
3072
4675
7963
6552
9144
5880
5057
496
9100
2630
3224
2146
1910
5005
2169
717
4261
7722
246
5884
8866
9523
8446
359
9087
2374
2762
7617
7554
9348
5501
9498
5572
9506
5589
505
7802
8532
6644
1459
6783
2421
8863
9228
5817
5346
9923
4729
458
1701
3352
2143
2707
2147
7837
3172
3690
841
4181
5841
7141
5808
4628
9853
7347
2926
5528
9415
1542
1169
1001
8522
9524
4765
9284
4114
3771
7257
7613
4421
6252
3599
650
4036
5909
2529
9326
1251
1240
3559
9734
4884
268
6451
7699
4907
7083
8373
4868
1653
3874
9130
2264
757
6584
7282
8021
4238
5107
7980
3610
3567
2260
3357
4381
7954
30
3339
6459
500
5622
4216
5403
3200
3245
6798
6710
7177
4637
6633
3990
7026
5254
777
9116
5913
9421
2588
4082
3372
8457
1089
5951
7903
1031
7047
9838
7673
7269
2619
9829
55
9536
3940
3144
8511
9887
8143
8986
5486
1079
6467
4272
8001
8101
8640
2517
662
6771
7981
2917
4189
1525
3054
6509
9873
8886
7923
9491
9758
383
3684
1008
1698
5612
2681
9634
4910
5153
5487
7215
3230
6299
4776
6839
495
3774
4925
8008
3324
3519
3236
8337
809
9172
2098
9433
8171
8145
740
2184
7467
202
9156
6042
6020
3120
8976
4148
3386
4994
9875
7824
6870
8436
7302
6313
2753
9274
8175
2872
5767
7494
2104
4809
4800
811
3705
4205
3829
6307
8430
7587
5526
2319
688
6932
9466
2396
5547
9631
6264
5130
5027
8112
539
5180
3859
8883
7681
5123
7678
8103
3203
3131
9717
8955
3518
5938
4039
5732
5615
4478
1952
9935
2035
2977
7828
3852
7691
6292
9624
1671
1481
1121
8367
8320
4680
1881
1753
7074
926
8084
8214
7718
5140
4357
4013
2694
4960
2023
3450
9793
4367
7655
2273
6154
2514
8324
4160
5720
623
955
763
4599
7143
9061
1518
6338
9237
5993
4535
9886
9170
8618
1747
2783
5831
6098
2391
6026
8480
629
4239
2092
6210
9632
3365
1739
4835
6930
6394
8661
253
7057
1271
3596
1919
6067
9265
7014
5821
4480
4409
5351
5654
4987
5591
5856
6837
837
3084
9155
7415
3447
772
1661
4457
7967
7580
1966
146
234
6493
2749
3355
6763
9697
5026
739
5684
8536
3003
1143
2867
6741
4719
8797
4794
4067
7736
644
1443
5659
2078
2132
6639
5948
6250
3113
8961
2739
5701
5215
3883
5730
2900
7254
1159
3603
6197
9262
7284
6685
8282
4901
4954
430
6066
1262
3405
3046
4823
5017
48
8750
5624
1524
8293
5870
3844
8332
2149
2257
6615
6082
3664
1314
5036
8022
224
1125
1281
7188
6122
4849
51
1382
8375
8004
6726
6268
3284
243
8366
8013
3839
4621
2491
468
767
5131
9030
8773
5514
6827
3125
4455
4259
7407
7095
4685
3745
8668
5586
7625
9467
612
5753
2347
2418
2684
1215
8778
7926
675
2080
8330
9375
6428
4663
8600
5538
4411
5792
2638
7503
7468
1999
5515
7120
8738
231
4362
9059
8770
7023
1789
3751
883
6908
7260
8134
9859
7392
3014
682
2316
7267
1021
6526
7642
5361
2013
5865
8722
5325
3151
1065
5675
5154
2889
5541
2308
8228
1156
2510
1412
1695
3448
9767
3168
2434
8847
6430
5451
1421
488
4843
9896
1296
6196
8061
4534
1619
3755
469
782
8118
8576
4753
8230
5328
3369
5866
3988
9556
7451
4463
6646
899
8884
6433
334
779
6043
4634
8385
5304
2436
1322
4474
2248
7474
9937
5114
7965
872
6456
4682
353
8646
2955
6606
6902
5934
6182
1986
1305
8294
2335
9779
9622
2518
4481
9332
9
8268
4696
9107
2083
8709
292
5385
2381
248
4779
206
1468
9380
7641
6084
7380
3240
6598
2545
4953
5100
1888
2540
2291
7396
5609
542
6972
1268
7301
8524
6590
5970
2644
4375
5292
9943
9819
2437
2784
9527
3050
1355
6309
6211
8119
7201
570
8602
2863
3555
5826
4078
5428
2861
3196
7957
565
5785
7783
8902
1920
1740
9906
8659
4932
9979
4171
1091
1163
6487
1730
805
2191
5812
3767
2388
2727
9560
5377
4288
7810
4838
4072
2814
8810
6947
3423
718
7082
3039
4896
5667
1831
8816
6975
8503
2047
7977
2172
5168
7149
7256
2403
1437
8648
2659
5927
9053
5076
3086
2353
9613
8645
5671
7066
2589
9328
5690
5102
3614
1728
5347
361
1961
5530
6772
1227
490
9674
4679
8174
6981
6285
339
6363
8789
4150
8695
3729
660
1211
6274
3948
8889
4199
4988
9090
5939
1795
4899
6221
710
5260
4269
2038
5786
8598
712
9614
8036
3107
4844
6352
1161
3362
6295
1834
8803
5085
6597
6830
1774
9210
4172
2417
5823
4088
4026
5221
3592
4281
8501
2993
683
270
3578
7565
4219
1485
8505
15
7305
1574
9065
6172
6963
6497
6049
3299
921
1713
7431
5986
9049
1235
4876
8812
4313
3623
1601
9668
2830
9735
3702
7019
2937
2826
7054
1826
4523
4012
8622
1626
9054
2501
6515
2921
9737
4201
8639
3950
843
7764
8735
2004
4291
7727
9515
6957
8741
9322
891
1435
7531
8875
3538
9195
5545
4772
1815
1647
2051
8569
6263
7887
6048
1402
8089
4674
2387
8865
4585
121
378
2076
1180
5311
98
1197
703
2521
8872
4321
4003
7128
4938
3156
9102
4702
222
1609
4038
7975
9281
1326
6321
6872
1913
9868
6573
7044
192
8667
3731
9355
9991
2121
2173
1571
8929
8087
7080
2176
7352
7927
7469
2313
4650
8469
2932
562
2709
5146
9398
3476
5827
4398
7798
9076
5338
3262
4025
396
1081
849
8966
3146
1249
5772
9951
2824
5364
7632
9680
5584
1095
1428
8487
1584
9768
8115
2866
8234
4047
3466
4192
1794
6390
3819
1860
9642
1775
1847
4081
58
638
4334
2985
3269
7608
8102
7148
8519
4107
7583
1416
328
3556
1097
3301
2980
7290
5035
9489
992
5481
2841
3315
2559
986
6528
3937
1658
6869
7694
1600
2190
7918
8063
9302
377
2815
9460
7456
3002
3215
4390
3092
8369
2842
9827
8020
2500
6877
3813
7420
2135
6731
450
5194
6579
4385
524
8113
6383
4967
3060
7450
5965
1146
1484
1813
934
9849
5518
487
9371
7266
9511
8164
2949
8083
1449
3915
304
2405
7818
530
128
1025
3964
8062
5083
2385
4034
6415
7252
7253
4939
9396
3864
9638
2212
4275
974
5201
8777
8678
9325
6627
453
81
6290
1032
6608
9899
9871
4593
5828
9476
176
2427
5640
10000
330
5756
9703
9315
6288
5918
7065
6482
3597
8426
414
7773
6399
7070
6216
2594
1996
5818
3098
354
2134
1512
5902
9877
1565
9353
8310
632
1248
6029
7408
5177
1325
5466
4643
1114
1617
8793
5372
6155
7572
2623
929
1853
59
6022
781
6188
5427
2593
2251
2401
4389
6547
64
646
4926
9447
6635
6057
5738
9911
3270
1972
7488
9802
838
6658
7303
7616
6926
6353
1043
8510
2525
8904
5765
3863
1599
8411
3216
627
2258
5103
9710
6409
6189
766
6494
5580
1869
7283
4797
9292
1309
3346
7538
7539
6486
6388
760
1221
9486
6460
8691
728
5889
6951
4491
5228
7359
1630
2507
3233
2524
6589
5081
5082
1002
5143
5272
4563
5067
8292
6778
9641
5023
4736
3412
32
3823
2164
8462
5714
2845
8217
3588
6412
5579
7672
4016
6716
8153
9238
7416
6317
6249
8216
9249
371
5405
3963
6549
3402
1641
2166
3139
5299
3489
4394
6840
5601
1714
5546
9109
4554
4044
5200
7378
173
8012
7863
7315
1636
102
1543
2882
3318
388
5060
5694
5207
2725
5032
4992
765
8248
6223
6488
290
3984
6449
1439
6785
4789
8404
1971
4922
8906
5961
8452
4132
2852
80
6219
3290
43
114
1974
6542
8670
5457
7189
907
3761
2476
750
2733
5809
7622
633
4195
2800
1258
3766
1106
4888
7210
5021
6764
9341
7848
8334
4110
4266
7389
5401
5359
6325
3388
2448
225
5912
8167
4589
574
4651
3659
2182
5282
3935
5801
1845
6406
9512
7383
3338
5138
8464
8076
842
6220
265
4241
9884
7000
1118
7919
604
465
6087
3870
6510
7621
2870
63
6884
5688
7653
3407
9852
7943
676
1580
5983
6157
9786
3483
5096
6955
4664
6921
280
9573
7688
9373
5152
5779
1478
2197
2876
1939
2380
510
85
2740
9455
5995
8996
9705
3754
1598
5716
7874
1369
4576
3636
6679
1551
207
4327
9954
71
6448
3368
5407
1925
3347
3100
4070
5740
1579
5550
3549
3694
5581
3929
8739
8801
6618
3675
4961
1123
5497
8154
6961
1805
4364
9048
5540
5509
5482
4050
5942
442
4631
2781
5238
8032
435
4532
2648
9186
6305
5334
5946
8491
2669
8284
1064
4169
155
9977
7229
1564
6980
8790
5924
351
8486
4556
347
1282
5193
3325
1802
9892
42
8908
7968
1651
3647
5553
7612
6483
9263
5617
1914
9974
8922
7452
8623
7016
1857
2449
9993
7934
8666
3903
2368
9585
6587
5949
7735
5110
9862
5165
6858
5013
4735
4484
2160
9092
1506
6308
6077
8827
2737
2918
3010
1229
8730
572
3419
7243
1147
7508
6805
2317
3648
9969
7591
7811
8964
4174
7077
5366
3343
6978
1165
4258
3158
7868
4397
1642
7231
9426
2844
8301
4817
1766
3928
8521
6569
2071
7952
6518
8663
3182
9681
4951
3770
4603
1898
9683
5275
4943
8566
2721
2786
3911
1504
3313
2978
5432
6041
8744
9691
2340
9925
478
8574
3001
2041
1519
3478
5746
8347
4995
9017
1726
8840
8563
2629
5975
7712
6373
8838
4613
3130
3840
6925
1460
5
5033
4750
3462
8206
4820
1540
2901
4417
4243
6847
5562
5448
6900
2613
2356
1189
9901
4550
1833
9119
7997
9379
9502
3712
6466
9497
5594
5127
8832
5037
1338
9736
9126
166
5832
7097
3220
483
6432
482
1787
7432
8500
793
1934
4479
3536
3316
8712
1723
4111
4369
2431
1578
522
3264
8363
7486
8215
4200
5620
4949
7115
3901
4218
7698
6236
967
7056
6040
8535
2200
5211
4445
1290
4335
5413
2650
3546
5186
2462
7147
2940
624
8439
1623
444
7515
6170
3697
9633
4827
9626
3762
4818
840
1298
7062
3192
6920
3416
5049
8637
1823
5003
3102
3815
5635
6380
2379
6465
5754
7643
5326
3873
5813
2893
5843
2187
6714
131
8979
3781
6918
1669
567
4292
7639
370
1224
8441
9772
7281
4541
263
3919
8879
3665
5204
2700
1016
2422
244
9463
5525
1427
2573
312
5087
5917
812
8949
7509
9841
1213
7577
2563
5426
7293
9336
249
7624
8702
4626
831
4251
3898
4093
6374
4792
3049
456
2596
7464
3862
1872
358
4543
7362
909
9534
9971
6749
8272
5653
5417
3247
9386
2640
6440
4676
3853
315
9203
1379
1374
1742
1522
3487
5336
8935
4713
2162
8676
5840
8756
6270
8470
1228
3223
3689
8095
2053
2330
3282
2311
8266
3576
2526
4863
5576
4971
6863
2485
4388
5050
2210
2489
6503
5301
3678
9945
9533
3602
2859
8815
1109
6888
7442
8443
2402
3607
5861
9967
927
2006
4548
2538
5494
7635
1442
5006
9672
5502
29
8708
1464
8631
7288
2774
1736
9288
2535
3564
3137
9696
101
2839
9563
9300
8085
187
3894
1843
1500
376
6989
8514
8346
1060
9058
9074
2687
4014
6347
7079
5700
2874
3806
8752
6275
3329
2696
4009
446
3320
110
5134
341
4086
2165
130
4247
8680
3637
6734
4741
409
8200
7721
9475
504
6638
5734
850
1943
579
3832
9855
9596
1270
3030
9205
5571
9878
8829
1129
8442
2999
8552
9384
9198
7717
462
2782
7847
9739
1796
3475
3944
7671
885
6
8009
1458
3872
4677
4387
1780
1554
9113
4810
4493
1735
1360
6110
9589
7358
1324
1340
9740
641
5274
2376
2093
7049
5009
2099
7154
5632
1924
9230
8039
2561
8492
9223
6204
7570
6660
7258
6521
9685
9869
8391
9422
7438
194
9199
3096
5582
2171
6008
3062
3612
1801
9606
6583
4361
694
9893
6294
8208
4754
4305
665
592
8853
6527
9108
1832
5804
5115
598
6501
2237
7507
906
5519
8940
2003
1408
5086
4407
1933
1017
8227
5724
2997
3981
7296
3366
1378
1179
4030
3542
6558
1423
3091
928
4424
3485
7346
3989
1771
2674
8074
4046
1516
5390
3323
6898
9029
5639
1387
3411
3430
5396
7081
9204
7443
6348
5189
7454
3980
1573
7117
3626
3749
1061
1250
7310
8658
274
7169
7482
1289
8398
3
4005
5331
8703
5262
6991
5661
4049
8689
6328
2592
5181
8271
1650
4346
8885
4059
4471
1699
6135
773
4439
806
6291
2537
5891
3759
1007
2777
4228
3019
3132
852
6112
787
6337
537
6058
1195
3587
1767
5585
7827
276
7929
5290
9129
5911
9891
1583
2294
7061
8660
7041
1659
8024
4623
4348
7731
8734
2336
9574
6301
6907
5444
4504
2499
7386
864
7105
602
1830
1454
9732
6629
6505
3424
4273
3181
5838
3127
8857
455
933
645
4701
9998
7209
7350
1915
2219
5665
2307
2968
9150
6145
4414
5926
5837
6245
1036
6056
2793
8034
4139
4964
9517
6100
7644
1479
9403
2177
4997
2086
1316
3456
8931
517
115
945
8837
3391
418
1711
7155
8860
4722
8259
7759
584
685
9650
485
9976
6370
2584
9027
9244
9611
2850
2908
4731
6492
5394
7106
407
631
7351
3671
4127
2192
2282
857
5220
1040
9928
4965
4683
6610
7602
2443
9340
6892
2242
1505
7185
9616
878
264
2246
9319
5239
3643
1886
5271
7700
2087
6351
8351
3314
2275
1616
7985
8525
2109
1652
4648
3616
1127
1977
8048
881
9932
7895
2168
3385
8915
5750
6108
4090
5873
1951
9741
2989
9608
1390
2789
873
693
2888
7723
1866
2270
3321
743
9646
1444
2194
2027
5531
6416
4400
6507
4206
9067
7654
6306
6819
1184
3431
8295
4609
7005
3418
7207
6987
7585
7326
1150
5656
6818
1168
607
7983
2433
1808
236
4979
4203
1358
8360
3649
1276
3777
4295
1676
1507
1420
4296
2370
1532
6089
7196
7760
3119
4936
228
8136
6775
1931
3258
7330
6576
6111
6699
3820
2834
2188
4135
6885
4513
337
5574
3244
6667
492
721
9014
3004
2117
4128
1297
5815
3337
9390
1100
9268
1959
320
8674
9389
5289
5888
1633
2042
4183
9699
7755
5686
6478
3088
9968
7510
7220
2706
8318
7573
8534
7876
9981
6802
2063
6940
7276
4193
5834
2806
122
2445
3202
8068
8056
4405
3966
6053
1286
6994
4502
1000
3717
5442
7184
1160
3718
1788
106
7490
2703
1473
4366
3653
5370
8603
9448
5790
603
319
1071
2150
88
9445
7444
2974
220
7734
1436
4108
335
6541
2957
1212
2959
790
1545
8751
5209
325
1267
1257
973
5330
3471
1494
8390
4285
216
7150
8172
8550
8160
7322
9738
9444
957
3274
9997
4516
2503
4299
1667
9084
6564
9647
1162
6304
6149
9687
7747
1202
9207
7579
9211
2288
9562
5089
7916
9075
3635
9459
477
8635
5308
2910
2170
366
5155
1819
7845
7809
9309
1969
4739
7607
4092
6262
8499
8288
9329
9970
4851
6674
143
8091
4746
9769
5025
9531
7428
5507
3673
9461
8993
1411
2928
5357
6531
7418
2474
3067
3821
8947
5669
5108
6402
3943
2768
1828
2234
2822
7297
869
7274
2925
2758
2475
2265
8394
5002
7119
5736
4762
8419
4432
4190
8531
1272
8231
3580
6795
2755
5400
9047
583
9117
1856
9133
6893
3242
4497
3022
8802
7908
6350
2881
5679
7411
3287
8348
5906
3958
471
6692
5652
1422
7071
3451
2289
5814
3064
3480
7770
3083
9011
1140
5603
5415
7306
1797
4354
4225
4454
6234
7480
3042
9094
3677
3228
473
2734
666
2994
851
7889
5439
1068
1320
2232
9952
7537
2189
1622
5593
8715
6005
7745
8461
9404
2810
8483
5958
2825
8018
3389
2742
8977
3858
5142
2643
1937
5435
4904
8824
8256
7355
1057
7969
7027
7327
4575
4610
1844
8575
9962
966
5862
7564
2438
119
7885
8771
8246
1049
8605
6934
6654
2976
364
961
2746
1243
2903
7850
824
2049
1395
615
452
4191
8740
8116
2950
9261
3938
294
8300
127
275
4100
9583
3719
104
3208
9264
8450
7667
329
4164
9782
7013
6666
1691
3479
4317
9247
9725
7425
8560
8210
8748
9605
4290
8826
6495
7878
2298
6075
6544
5423
4552
8565
9279
5247
9874
4661
4064
9089
4229
701
7823
4935
9904
8381
2283
8580
8647
2546
8559
348
1582
3585
3295
5748
3760
3194
593
2604
6349
2301
67
2505
853
1942
460
7726
8584
8052
9936
3225
3095
5065
175
2708
8895
2713
7366
6653
2384
5393
3341
1438
7098
2140
3193
820
7390
5731
968
4697
3722
4168
3934
7341
2894
8880
7958
6159
9359
1045
2869
28
4894
6123
5118
5470
184
3783
9161
8395
2043
6539
4528
2208
3792
3923
3965
1072
8335
4370
8476
172
6158
3066
9110
70
3075
1674
3169
3851
2055
4802
3327
1707
3562
8776
1670
9492
4980
2333
9193
621
3488
5344
4612
2905
3674
9545
9760
1877
2213
980
6636
156
9643
1544
9073
4350
4373
2286
4303
2981
988
5199
5314
5028
3724
2653
6201
5709
563
4470
4399
2201
656
5699
7491
5469
6213
5484
2809
4113
9280
2934
2972
2483
7337
5030
5458
810
2022
7088
880
4577
8176
4830
4553
4561
6523
5711
7039
4780
1537
261
7109
2343
9344
9839
4596
6697
6226
5994
8606
8229
8900
1216
3504
7202
2420
1287
6045
7704
4672
3962
2017
9099
3932
5069
887
305
5606
3138
3796
8746
240
8690
9299
2835
2016
4134
9494
3041
1185
4293
825
9716
1223
508
6124
3387
3165
3779
9730
5851
7153
5876
3278
7945
3960
9289
3922
5425
9023
8092
1247
4911
2203
1372
3082
2285
871
2439
8983
8138
3561
4279
1917
6860
9659
5300
5452
3733
9549
9098
2214
1302
764
2498
5990
8989
3634
1985
6392
798
72
5217
2898
2931
5877
223
470
8
8549
4182
6273
8086
91
4605
7947
3618
3257
454
374
3912
6670
2690
2557
2914
4490
433
163
1301
8415
1773
6021
9996
1015
9266
5524
2296
2375
1894
6345
8971
7241
8665
8520
7317
8412
6068
3422
549
3993
8822
2199
4450
7829
4527
6939
5270
7630
5820
6142
5045
8590
1567
5921
2058
5088
6160
4365
2895
1717
7289
2409
634
4511
6693
2179
1304
7122
1702
6933
8498
9146
8358
8114
5739
6343
868
3265
4422
3972
8000
9551
7152
942
9068
1386
642
9808
6931
6019
3611
5225
6438
5237
9495
191
8544
6047
707
585
3309
1469
1627
4957
9753
8316
9816
1822
3155
2
7949
7312
502
6237
7597
8924
2912
6326
2947
352
9662
6310
3105
3204
2157
7516
316
2807
6651
5016
2827
1589
4286
167
2395
7162
6481
1901
3025
2736
9484
2670
4465
6134
6801
9907
5007
2195
5985
3810
2792
8196
697
4062
9965
4782
4584
1983
9689
3622
5119
744
1530
1821
397
802
9364
5852
2819
1501
8662
7107
1868
6794
7245
6985
6613
3573
3080
9361
1116
239
4558
7037
6202
4560
1010
5512
1569
4646
1186
1044
9106
4024
4307
7163
4042
613
2393
9239
716
1696
4941
8898
2595
6422
9949
4847
9975
8601
3998
3134
7817
4726
3961
8400
3285
2699
8572
7203
5389
664
5614
8302
5038
2280
1087
7433
5132
165
2661
5517
5761
8308
8823
7216
3688
288
8203
4793
7996
4752
6420
2634
9095
9635
8065
5440
1816
1308
7331
6421
8223
4658
6393
9547
922
8264
6807
3079
9625
3534
9360
9990
2363
7236
7228
6804
527
9594
6167
3627
8472
8454
9416
4542
768
6289
86
1649
725
1362
5867
1353
7960
4952
5642
3260
5410
6700
954
6929
2750
1214
7808
775
8222
8987
8555
9429
6889
1260
181
8315
4319
2198
9333
4812
9926
3983
5184
2255
2585
9153
7172
4986
870
1041
5784
1697
3502
1334
4226
9420
699
5020
426
8479
3793
6131
601
5922
4811
1521
1023
9217
924
1013
2459
9424
7251
5125
4913
1029
9601
6257
8016
3709
6113
5775
1935
7959
1194
7540
9189
2988
5979
2804
2277
9118
2312
1148
3272
8613
4877
4629
5043
1722
6774
235
9035
2626
6461
1196
735
3330
5892
5636
1783
9882
4515
7180
9472
6722
9910
467
3209
1620
124
1012
4131
7400
7891
9569
4099
438
6096
6678
7463
9548
6404
4635
8238
9032
2509
149
4433
7138
1364
4360
9845
4106
4742
828
6617
9178
2695
1346
6976
1407
4412
7397
4153
1967
9219
9072
7146
1851
6632
8852
6777
4604
2386
4737
540
2458
1631
6703
6099
8123
9522
649
8710
6367
9209
8194
1777
2775
9370
6152
3005
3638
6743
4547
925
6715
6198
6095
7898
5468
2074
1629
9093
2671
7448
4224
1389
4644
4717
8341
7476
2369
7377
5011
2241
4853
8463
8998
3740
861
6964
183
6239
1757
3359
1349
5610
144
1134
5857
7335
5104
2576
2907
1445
4283
157
7753
7842
6868
2831
4304
5793
2967
3048
368
4791
5406
3071
5964
8126
822
1716
8051
7307
6371
9539
3893
1183
2987
6684
9978
5172
6871
2408
7660
3507
7693
9818
5128
9706
7970
5672
1333
8060
8706
6016
1497
4906
4382
4725
3652
4483
9248
3397
2605
9821
2572
5703
8951
7374
238
7920
2495
4122
3164
5267
8628
9080
8679
9418
7321
432
3154
2457
7950
4636
8928
2268
9002
4950
3279
1014
113
6669
991
2667
3020
5928
8540
9836
2791
4102
7272
3875
4184
6548
5281
204
8071
9644
3952
6164
8920
8179
1022
2884
4670
6922
9016
5404
7825
5391
342
141
9160
4814
2419
2011
394
4215
7161
2992
796
9148
4347
529
2454
9834
8096
3104
9918
1752
1746
749
9377
7594
4372
1220
7687
3617
9009
7483
5967
5433
7417
9686
8339
3399
1541
1990
3143
5212
7129
2091
1556
6604
262
7525
350
5885
1130
9933
1656
862
8401
8630
3842
6588
8721
758
2470
2334
4566
6342
5244
3268
2468
3679
9989
7576
8807
2847
2452
186
6746
4109
1255
4138
6354
8881
7697
9953
7344
594
1441
4989
3669
7166
1218
8652
5648
6463
3178
8864
9229
5495
8033
5774
823
6828
7204
918
9139
2020
7132
7091
960
4607
6101
6845
4322
9690
9434
1879
5835
9272
6766
832
3970
7595
5066
1965
8289
4057
3472
7159
568
1806
6594
3540
7892
9671
6452
696
7709
959
9678
472
6924
439
9757
9701
7244
7113
6935
8834
6217
7690
5294
5522
3281
5317
9599
2106
4427
3571
8023
2367
8775
1418
9620
7286
4386
3772
2236
6634
1520
4482
4916
1145
9297
1482
9830
8427
2871
3927
150
5149
1082
8856
1811
4668
9216
611
3457
6665
1634
2865
1932
1970
7048
427
2444
6923
3826
5436
4151
5091
2566
389
2015
546
6619
6165
9872
8186
2672
5725
4709
5597
7094
6391
3226
2136
9069
6324
8999
2323
3415
2673
27
4428
9079
2267
3296
3149
6913
816
9964
6810
5992
6720
8912
7768
7659
5203
1945
3537
5707
2864
3856
5713
1928
3828
7114
2698
2278
3721
7495
289
7553
5059
4905
794
6671
340
7936
7192
6125
858
2463
1451
8701
3310
6954
6899
2652
1900
1602
3303
2935
3409
591
8240
3902
4893
1875
1694
9005
255
2226
7375
4052
8207
3246
8106
5644
7776
9655
2923
9627
1137
5056
4095
9863
2779
6059
9514
3802
3525
6525
4018
2342
2460
7627
8515
9260
2577
5434
1380
9661
8209
6643
8233
6036
4520
7754
4649
4149
5214
108
4667
5040
9436
6177
9898
590
9983
2801
9221
8910
4032
7481
4500
1424
1944
8050
7194
1660
8656
3500
3304
7542
5655
2250
5371
2261
4401
6105
3904
5031
7751
5789
9311
8642
3073
3849
5229
3141
9273
1377
7858
1345
1076
7230
8290
2357
4404
3906
8403
6200
6690
4917
9771
5044
8686
8594
2723
7610
5595
4982
4499
6215
7782
17
4813
3857
2037
2759
4633
440
7222
9798
9986
2702
5266
8049
9137
380
6180
2688
3782
8808
6070
5283
4855
1751
4302
367
9966
4420
7741
6545
384
8073
6834
7752
2315
5077
61
8753
5563
5242
463
8711
6758
801
8890
4640
5719
2360
1836
2220
2215
2359
9743
6752
1020
8099
5105
4756
3068
3933
9417
4467
1059
3291
2726
846
3379
689
1954
6439
7535
6928
9135
7186
4117
7240
6246
7086
8558
37
9169
4234
9064
4308
7813
9708
3455
3371
5126
9468
5631
4415
5678
1743
8581
7875
7465
4085
7984
9546
5704
5972
7364
7640
5795
1306
7799
1719
7822
8357
5551
7514
9430
4310
4912
3275
74
3838
8262
5599
3730
733
2601
2799
3350
9903
727
2944
7786
9335
9192
1749
7930
9603
789
963
6833
5613
7599
7555
8429
3012
9783
2000
2400
4524
8617
7199
9752
2796
2045
2052
7009
9669
8877
4079
9082
5139
448
6185
4198
5893
7933
2639
7340
8954
6104
4395
7883
1682
9851
2685
7803
154
6701
573
1566
3946
8181
7501
1288
1203
3333
6592
3590
6995
8529
4909
8420
4002
8342
7872
3547
5349
4177
1679
1646
6800
7214
747
4512
8697
9213
198
7590
9055
2983
161
8762
4757
3498
7853
9034
4458
9714
5666
6620
3425
9505
9363
8014
2635
7769
8139
6760
8547
7962
3404
5302
7906
5074
2879
2425
9761
1384
2320
3473
6038
1791
2763
5798
4080
8657
6385
6808
5800
6375
1430
5463
2032
9766
3579
3931
4217
8651
1419
9721
6887
1495
8523
1062
6891
7937
3799
7865
4473
6688
8350
9860
4659
5758
9645
2262
2471
4280
8742
3170
2306
9368
259
4338
1841
7668
7342
7157
8758
1761
1465
2771
75
6417
8916
4268
5890
3692
1499
2084
958
8537
2990
2722
6017
7861
65
3436
4799
2933
2372
7164
66
2915
9881
2096
7821
2772
9269
5310
9474
1493
9004
1560
9345
3099
514
4915
2067
1477
8362
8887
5846
6901
1141
3691
4351
1058
4555
4559
5305
1814
2329
3595
6941
4529
8279
8573
3548
4210
4425
4359
5999
4839
1643
9876
6014
5755
4066
8585
6894
6491
9304
5395
9790
7880
4509
1318
7774
3723
3837
2965
6854
3390
2362
819
4785
4831
7477
1094
7728
9425
7901
1979
4208
2660
7126
5356
582
5048
3735
5219
3693
8161
6126
7702
3484
6060
930
5287
7379
9754
8541
7384
5288
7453
8946
2752
7226
5616
3300
4638
2754
6178
2001
5680
7473
6835
6179
1170
3825
5766
6704
8433
7323
7763
8821
561
3581
9349
5558
2034
6965
5887
1234
250
876
4328
1689
5198
9152
5441
1363
5670
1688
2891
1870
7001
4035
8287
5573
8015
940
2148
8252
2818
9507
7402
5001
9293
698
6586
7385
8329
4537
6190
994
1820
6222
7112
9257
8980
6253
3289
4521
6450
6585
9667
5673
2430
3890
375
5298
2075
756
8002
6009
9194
7966
6225
7897
2378
5916
3214
4606
9921
5552
2603
7328
6936
9913
5621
9774
4166
230
7151
6001
507
4698
3809
2558
3784
9015
9939
212
9496
7812
3398
506
6311
9609
7851
6413
9866
5367
2528
7329
9485
6187
474
9451
8355
528
109
8258
3746
2710
8962
4492
9702
257
4618
5561
8796
4730
7611
3608
6956
9728
3565
8165
5335
2326
4140
714
6233
915
2570
3586
2346
5729
6904
1472
4363
4704
2245
7175
835
5978
8874
422
884
610
1496
4562
808
2115
785
9287
2105
6238
447
4764
3011
9028
6286
1054
3720
6341
9733
1319
3999
6069
4508
6489
3750
4660
6732
617
2322
7819
3835
7584
2274
5249
526
7363
3027
6809
7412
7398
3452
4349
1591
5422
6128
1466
3918
9253
6156
2397
5068
3975
4017
5638
9744
9658
429
3715
4436
373
57
2094
8397
8921
817
2314
415
5806
3378
3467
780
5693
372
5078
4068
6599
1745
1693
7
7795
94
8896
1982
7487
6293
8800
9275
5431
6998
2014
5710
8183
7670
3317
2609
5685
8124
2345
2472
6065
5925
9121
3255
9000
964
9037
3560
2515
1754
6861
951
671
9570
3180
6434
8862
408
34
8907
6000
8193
7123
8356
3069
6279
759
9831
9171
1889
2081
5802
1366
1280
5645
3936
3994
8745
6514
7292
3395
7626
9565
256
8140
8291
9471
6953
9909
1409
6276
1552
44
4442
2941
5569
8760
174
3797
9132
8336
1672
8974
3598
3421
5179
7051
93
5488
1341
9664
1206
5520
4671
1957
3650
9056
3335
6414
8285
6949
1725
5920
3449
6381
7434
8286
9621
6723
4808
232
5178
690
6986
5749
195
1410
6974
3443
3187
3868
7636
5548
5246
2243
1047
413
4655
6282
538
3334
1555
2435
3629
4641
1750
8235
8187
795
7405
7619
2954
625
9369
9259
4476
3210
6862
5930
302
6186
1126
1871
1732
544
9101
9587
2021
3900
6864
1498
379
6247
6609
6990
9003
3177
9604
4316
5683
1549
1902
8037
1950
3160
519
7299
8518
6357
9320
6114
2975
7789
695
2269
1550
8597
9051
5240
7285
2163
5824
3503
6281
3703
8402
2082
7592
9578
2854
6471
6614
326
2211
5485
4882
1927
1181
962
4486
5914
3982
5899
3817
3545
4124
4861
8731
1984
4900
8418
9142
1768
6195
2085
7658
2411
5054
2837
8728
8561
2131
7250
7043
8408
9115
475
9241
2249
6874
2123
1175
336
4588
2054
314
3574
4751
4723
8038
622
9167
1348
6061
4022
4460
6018
8055
813
5496
2466
7638
9224
6162
1254
7445
2946
3229
2065
5782
1124
7404
2794
7278
2480
4213
6735
8162
6361
4501
7578
4340
6982
5095
400
2108
3682
4232
9310
5445
9648
4525
9552
2351
9500
6474
421
4615
5236
7437
7561
4845
981
9755
2344
889
4684
7167
2943
5421
9323
3710
8090
5847
1765
279
8729
2130
5564
9610
7133
9350
6359
5112
600
923
1978
3974
125
82
1803
3394
7651
2447
6873
7743
3219
3038
451
9096
2111
7536
1365
5768
84
8930
900
9729
2012
5213
3529
9357
7370
7309
423
7500
6948
5981
7756
9864
1800
7628
8245
9081
9060
9442
7987
4240
160
8053
6745
6206
9675
7924
9401
9346
1208
5166
3515
8936
947
9652
45
4408
5783
4573
2222
8277
7982
9777
135
3286
226
3957
7834
6426
3757
4178
2196
3070
4300
6031
4006
9629
4836
4103
3739
9337
8937
792
6091
5055
5618
2551
9826
1122
2488
7136
2877
5169
9314
1084
7125
5137
424
4336
3367
5161
8867
8919
6403
5498
1706
2567
3955
7530
3514
3393
3328
7498
5111
8868
778
6952
3106
6605
4158
2745
5879
9883
8779
9639
6556
3297
2062
6137
4898
3133
9041
2927
7064
1760
3351
6611
5265
6093
247
8958
1467
4973
2206
5623
7541
112
8687
9077
5467
4077
4890
4755
4829
9553
6012
7604
8843
6298
6739
7182
916
7833
6140
5145
6813
9820
3978
5787
9916
7479
7497
9670
1039
3846
8249
4624
2064
4123
4947
4154
3128
9190
2986
1209
5968
1738
9127
1546
6475
8774
9038
6051
1561
9454
4966
5443
284
386
7739
7652
2780
5977
1581
1092
5297
8911
8918
3494
5075
8314
818
4857
4278
5625
7649
2938
3118
3625
5324
1955
731
560
7003
7273
7758
2906
6946
5345
2227
185
7961
2253
7100
599
7460
7846
4223
8641
4864
532
2836
4514
1480
4958
7137
5285
1993
6687
5816
748
7543
4374
3986
8069
9747
8239
2233
8484
2583
5955
9012
4862
2478
1096
7496
8078
251
5348
1198
398
7615
1078
8588
8945
2924
2611
6529
8894
9822
1557
9465
9026
5598
8724
1400
2103
8374
3744
1992
1115
283
8384
865
1413
1577
7792
9726
829
7424
9504
2174
3254
7778
7559
3185
4152
4963
501
9479
8322
9313
7348
2138
998
129
3516
8204
2939
6194
523
4061
1863
987
9788
4045
564
3791
6115
2465
5565
8467
4196
9807
1157
7633
7165
4371
7856
4065
8265
8959
9576
76
3283
7686
7606
4277
7314
6567
8255
3374
7024
1890
4678
9234
2646
9105
3093
6254
9809
7629
2656
7090
2715
2467
1042
9957
2610
5770
2070
9140
7271
5853
4870
1238
1588
667
6207
1849
941
1840
8232
7767
7046
1429
3077
6717
6641
1526
5333
8386
4869
7986
1548
3460
9020
3613
1585
252
1687
2717
7144
2916
8705
3506
3383
2331
7725
7492
6232
7365
2520
8903
7779
7749
3869
3306
8197
6648
1307
1502
6378
3954
6530
2691
6776
2456
3311
4956
8607
4795
7395
8354
3008
2627
7716
1523
6316
3065
3876
1191
8720
5368
8127
7517
7732
5492
2361
6563
4071
2788
3624
7991
4503
7318
5769
9579
6302
8694
9086
431
2229
7264
686
4358
9541
8250
2617
3349
4165
5342
6265
7596
2059
5505
9070
7173
576
9063
1171
1568
7707
9600
5743
7748
6662
3568
6243
8892
3375
2127
7504
5429
1874
3145
33
3855
68
5602
489
6396
6314
2281
2624
8763
1151
9801
6546
4083
6855
935
2069
6843
3444
8059
932
6184
5825
5527
8615
5830
2355
2228
4146
3305
6656
9837
4883
6023
7522
8545
8932
1825
4379
7666
5399
1606
635
1958
6297
972
1104
9085
7588
1882
7849
7730
9902
5227
836
4710
9679
5941
3753
7018
6803
5230
7777
5898
588
9694
8871
6969
2817
1562
3670
4069
8147
2798
5952
1277
6993
8786
5313
6593
8854
3926
8440
9366
4324
7193
3028
6890
9532
4546
9252
8177
8267
7183
936
1388
7524
9452
79
8960
715
2512
4694
9173
839
3470
1006
5735
4872
8781
7466
5773
1827
7304
5354
6768
826
8604
2846
551
1311
6897
7956
5799
5343
4309
6559
5216
910
4968
227
7031
7814
9042
2803
4871
254
9955
5187
8410
2675
5788
5504
705
425
8595
7103
5173
9693
6698
1865
3532
7907
1275
6744
4368
7647
7614
7646
4435
4600
4665
8428
8818
1572
1947
9457
2101
1949
9749
5456
6695
145
969
4406
5936
6109
931
2202
7403
3827
3795
8105
4815
1470
3726
6441
5696
4058
4572
3916
1839
2668
6010
7237
411
6708
3380
3045
619
5600
3161
8985
7675
7010
905
1011
9240
8978
6682
7422
4157
9889
3032
8785
179
953
6078
7493
5657
5039
3434
1455
7135
4188
8833
8548
9856
1769
1607
1375
680
2587
1704
6429
9245
7140
6825
9258
8717
3979
8831
7287
7551
7502
6867
8243
7429
7308
7354
7391
6570
7221
49
8459
1310
8280
365
9805
9206
1200
5464
6366
1086
9327
6979
3497
9712
3663
2446
8361
6532
6508
1759
8784
291
6831
4384
3505
1883
7533
385
9592
1266
8901
9618
7866
9828
1119
4522
9617
3930
1921
4921
9698
7440
6950
3238
7976
956
3129
8221
152
3345
9814
751
1051
9985
5506
6582
8236
7569
5053
2868
7478
6431
8157
2897
1144
1905
7093
2218
2120
6166
211
5084
6612
2144
8846
2586
9185
2855
1101
7676
4716
4087
8683
4
4778
309
4586
5607
164
5386
9797
9478
9232
8578
8080
5626
4244
3734
7526
653
4948
7325
4487
9338
6519
8489
148
556
2693
3527
6117
5651
7839
6767
6719
4063
5170
8571
8392
7108
9817
1929
6030
9469
1946
5376
1164
3037
3015
338
6418
9653
5523
387
3217
5041
2039
8553
4914
8610
6032
5295
6903
9544
8297
481
1024
9488
776
9568
6358
2137
9575
2508
7662
3582
6779
8557
2544
3575
9347
3493
9759
5113
5697
2102
1
4342
2952
7459
5147
2813
4984
1880
7546
643
1692
1415
3732
9554
241
4611
3741
9508
3206
8925
1793
9513
4705
8371
6640
7941
8495
9477
1284
1237
4040
5904
2531
7545
7992
9295
7387
3884
8057
8943
6896
1471
2569
9378
6876
4298
4768
2571
457
2562
3013
5384
7729
8131
3687
8988
3646
3191
8396
6672
2225
2719
7877
4033
5446
9412
6875
3403
536
8672
3871
2953
652
1824
4377
7771
4595
8882
5454
1758
5471
6960
2178
1351
1274
7076
3553
5047
7427
1804
4161
8669
7832
7145
54
282
1074
5350
9151
5757
7946
4924
4692
6419
950
8485
9525
2486
1475
6650
661
9212
4263
4859
9149
3239
6691
9162
4748
1878
6793
2664
9394
4920
8435
3897
3094
449
6733
2770
9888
897
8093
6340
1233
4760
9145
3280
4410
1995
9342
4738
6630
7078
2240
6737
4423
9097
8407
670
6706
669
5156
2848
2677
4749
5474
5691
545
7458
5728
6269
1776
9787
5715
3535
4237
10
2598
2856
4270
6004
8173
7413
5099
9637
3176
3737
2554
9010
9214
7766
1810
1998
3040
7797
3861
8799
8923
9157
543
8067
6212
1553
2252
2532
8616
5760
9267
6080
8707
8675
8704
1371
3917
6881
3429
2259
3401
6504
9227
4929
2832
8031
4264
8224
1721
2122
8634
5387
498
7382
9233
2647
9324
7118
8111
6230
1392
2911
3043
3179
7034
2960
2352
6329
4721
7938
8213
2005
503
9530
6280
8948
752
1511
9423
9590
4533
5222
3271
4826
5176
355
7072
9124
535
6218
4452
9858
7058
4306
1241
1098
3354
4142
7645
4712
7995
5235
7544
1342
8117
7988
7816
272
393
6607
3860
821
5046
8593
4023
4494
461
9391
6538
5557
6968
5323
8475
9008
1138
1323
3009
9770
3212
1613
9666
1570
2304
6335
848
5185
6499
6106
5957
3776
7882
6536
2090
9567
9270
8159
3552
404
9794
4096
7844
4352
7663
7006
6490
9988
3024
4630
769
2406
4510
1625
2158
3373
4506
9811
1230
8307
4376
1576
3787
2823
1709
720
9750
4724
3528
8795
9917
8653
9812
4416
9651
3892
4564
5529
2442
3775
2552
9446
8184
2904
3293
3150
8589
4536
6681
2029
1107
2743
3477
8841
5455
7696
7910
7581
9765
9815
3742
2297
4438
9956
5476
2816
7864
2636
5692
3175
140
952
8378
2821
3880
9992
233
3495
9439
3417
8156
7519
7562
7899
9493
6476
5844
2354
7219
3971
8917
6694
1027
5956
982
6971
1131
9684
1907
7401
2373
586
4695
1239
5559
4147
6377
1242
9890
6339
459
3632
2263
317
4155
4805
2272
362
1911
4711
153
4715
6183
3437
5414
4587
5250
3656
6730
9453
4468
3087
2056
6736
9291
92
3420
1088
8468
4257
1708
3213
6193
118
5052
5322
9321
1897
2097
6231
4688
2625
6088
3051
1782
4642
6364
9623
4654
3153
2919
5004
6436
5960
7280
4578
9236
3736
7948
123
7171
2982
6754
6027
1226
1510
3511
6602
8516
7345
3886
9114
2002
4981
107
4485
3541
6332
774
8736
9182
1980
5721
5822
755
9131
7563
8043
6427
321
6535
2575
4687
6007
5833
3029
3551
111
5776
1005
6097
2276
3814
9330
5197
6037
9778
8749
8765
9566
7394
5583
5803
4214
3878
7711
6408
6782
2858
6127
4440
5478
6502
2533
7890
2223
7032
4073
1922
2310
2728
333
9727
171
4339
6129
9538
6146
8448
9521
322
4571
9395
9276
2060
1075
6477
7030
1070
5929
3831
3539
4639
7750
499
9316
2358
6686
6442
4978
7371
1923
1748
3103
3700
7111
6522
1678
5752
3714
5411
6534
9226
3822
4858
3969
8413
659
2632
8323
1376
2679
9022
7067
8075
4133
4430
1414
4821
7862
7313
1664
7238
5167
1269
5742
3446
4908
4175
8030
5848
6711
6259
8953
406
5024
9905
40
5556
8764
6405
99
4816
2152
7212
4010
8596
6988
3491
6387
3331
9283
2426
9303
4028
8417
5174
9407
4887
4209
8782
7710
1852
1217
4825
7134
8241
9400
8530
4249
7368
6235
1155
4323
4974
4632
2394
5337
7298
1859
369
360
558
8671
5794
7521
7637
730
6228
8582
486
3253
2744
8190
3377
4923
5491
8699
3492
4837
9286
8685
9789
7174
9317
7021
5966
8026
6506
1610
4204
7168
3639
5121
103
8409
2549
3910
7703
2578
5286
8556
2493
9220
2969
3112
2390
6150
1960
6997
5460
89
3059
2295
7239
5963
4530
3951
2553
9518
1798
8649
2040
3122
5259
5475
9499
7715
8109
729
7213
5483
8434
6707
7096
2010
7575
2663
295
7742
5269
301
311
2785
2811
8296
7170
2731
2299
8380
412
4673
6470
6103
7548
2701
8626
937
9043
6822
237
7733
9007
7470
5309
770
1034
8933
4311
4282
938
6696
5453
6015
1941
6600
9615
2828
1474
9723
134
9731
4331
5762
8281
9306
2024
4972
1936
428
3816
7598
1265
2536
3441
3583
2523
9695
1178
7558
5819
6675
2145
8006
3641
4448
8405
5722
5124
4246
8304
2633
3778
1762
3905
786
5315
6770
8835
7334
531
2875
9200
1396
2527
745
1037
1317
7695
1030
2124
2892
9537
2129
8830
9813
734
5437
8150
5534
5079
3243
2666
6271
6192
5611
5868
2705
1854
9880
2718
4856
9948
8968
5261
6255
6277
7794
9557
9722
2217
9354
8792
7571
7441
6659
8192
2504
7263
2338
4391
9111
6799
4031
9960
702
117
3630
4653
3798
3667
9961
1461
5662
3891
3794
7124
7092
6028
3205
7879
7680
5122
6410
5989
1026
9006
9174
783
5171
597
2095
4419
1867
9535
1876
6967
2365
4790
5521
1684
324
7232
2756
9057
2451
9509
2649
417
7017
3620
2582
5568
9464
3790
509
8939
8970
548
3123
6762
2873
7197
9318
8376
6555
2156
1149
1994
3908
5163
3501
1891
7198
8477
8568
3195
1916
7974
2244
6759
9564
9397
9944
2398
3685
6851
4976
9408
1724
8783
1987
2851
5162
3698
1343
1080
8757
7623
6333
9586
3785
3947
392
2440
6517
5097
1635
5307
8564
2414
2966
2513
1988
7035
5811
21
6591
5560
6820
8331
5874
4271
1337
9713
1734
640
2942
4970
2399
5872
1547
654
7462
803
2676
3234
9414
2802
46
1259
4796
4260
1398
4565
4962
7426
6842
6469
9388
5933
4202
7053
5542
589
3554
1347
7869
6742
258
6680
2716
6389
5477
3604
6543
200
7338
2833
180
7249
8502
9381
1906
9799
2183
3651
5646
3789
1153
9120
8466
7993
2031
8842
9251
9458
1638
9780
8851
4396
8844
1406
2849
5438
4996
804
8473
1103
7069
3453
8828
7187
1336
4526
5141
4329
14
1755
7971
1367
209
2747
6062
761
5362
5341
9598
1710
990
6983
3276
5903
5539
9842
1703
4233
4769
7311
6458
6116
4693
8950
7905
9762
6147
5878
1397
9481
1515
3047
7102
6540
5702
5577
8825
402
7831
5778
2410
691
6484
513
9784
7804
4539
7160
5312
939
9959
6561
7259
674
6942
1004
8326
8820
9343
9963
2541
1812
7127
1799
1885
4985
2209
6578
5605
946
8098
4037
4946
8791
9301
3057
6251
3631
1368
7472
596
7896
4774
6258
8956
6832
3680
2543
2760
6455
2484
9312
8155
8638
1182
1772
5251
4806
9543
4622
6175
7618
7104
3126
2945
8504
11
9018
1253
1632
8893
4569
5232
1335
9128
1173
2464
1035
1177
4999
5858
9356
6962
8132
2231
5881
9201
133
5388
2880
357
2382
7262
4337
6927
920
8269
3672
3800
3921
8718
7367
554
9803
8019
5408
434
7195
9031
4112
4580
87
7419
9715
1434
7944
3805
5120
6139
2547
6369
4759
8273
732
1111
8007
9181
7744
8097
9612
4262
7421
6322
1956
5106
8965
2216
4221
4597
3807
4255
2522
847
2984
742
2581
419
8313
3854
6356
2840
6728
7050
7040
6637
6537
1132
7964
3197
9709
2339
5712
2795
3711
639
126
3756
7011
8424
2009
9973
5042
8422
8421
5430
8027
5894
5018
3544
7684
1712
7085
6551
651
9846
8761
3499
2412
1640
5741
983
3942
4747
4616
4579
8042
5291
5374
719
9406
4462
5206
2765
7900
4156
1818
9861
3031
1611
3706
4727
3727
9441
4431
1425
6912
6191
1559
7068
3056
9835
3235
2126
2473
1354
7935
7556
6323
4617
391
8849
6581
5718
5705
9832
2271
2542
9331
9163
8794
1361
6724
1113
9607
7349
9033
896
12
618
9001
203
8608
2658
5839
7582
2429
9840
47
4089
9180
3249
2590
6910
6621
6498
580
5864
6227
5248
5901
9125
9555
168
2337
7574
8211
815
8100
8198
521
8189
53
4186
3356
4019
3445
7705
4691
8261
9024
5159
892
9781
8754
139
7852
6163
2641
1399
4332
1201
142
7343
189
7884
7353
1680
7557
3996
3517
1677
6386
56
5717
5416
1855
2730
5034
8743
4446
7518
2766
8149
3410
9682
8513
997
278
3135
4657
2899
993
9663
6086
7130
6906
9365
9438
8359
4443
753
1790
5859
1628
7793
7268
39
2008
6944
6673
6500
7270
8693
3747
4180
5051
3686
7242
2100
5379
8188
2125
9922
2591
7089
7593
547
9296
948
4819
7139
898
4619
3780
5627
7785
6209
3021
1440
5316
630
1809
7873
9179
2860
3645
2787
7788
1263
4991
8471
3167
8455
3017
9256
3332
8570
8460
7235
8614
4854
7110
162
1019
2550
1245
5996
8438
5629
214
2838
4708
6740
2615
8512
8474
3609
965
7038
9850
4773
2033
8416
4355
3097
1918
4582
476
5536
3231
7131
190
1050
6076
5365
6423
8599
6334
8070
8344
1483
73
8399
493
1509
1807
3768
8178
578
2724
8926
4007
6287
3486
3162
5352
7860
4091
8458
9450
2607
7033
8591
7158
1457
1063
3034
7859
7369
3163
3023
4627
9665
3364
3584
5578
5805
5449
8482
8185
4699
4733
1154
5886
5695
8726
9334
8005
6208
4848
7393
3006
4568
4669
4488
6395
1590
5897
8632
5073
2539
1462
1781
4466
3033
6102
6642
581
6645
9894
2305
4176
5472
6596
2735
2597
1158
8644
7989
4469
6886
9473
4297
7928
343
1618
3786
1981
3681
5321
6625
4301
3108
3433
9597
5744
9942
6024
6661
297
9897
3227
8759
5339
5000
7485
8944
3186
3159
5499
8108
1968
8942
5549
4136
8990
3474
4767
3803
8766
5378
2887
5090
1331
242
7909
6631
9191
6480
9285
4567
9339
8914
9215
6601
7435
5424
1046
2350
4197
3326
5280
4227
512
8338
2805
2996
6136
8587
5641
3743
5969
2348
5681
7461
2930
8054
8876
271
7436
1073
9483
3078
9164
1167
331
3190
8306
3370
711
5144
8957
8633
8299
7855
8995
4934
9490
5869
9456
7942
8767
6379
6144
9581
6883
3847
1964
9619
673
137
7156
8963
8478
1261
5164
1448
4787
979
4126
7247
170
5465
5233
4314
2290
2829
4383
4761
7738
8372
5566
5687
2773
1446
8110
6203
1330
4745
5698
3481
4902
6046
8696
1328
2608
8975
609
9980
6424
5777
5676
2599
2862
1225
1615
6063
1176
5192
6303
9931
2327
7841
9290
860
1404
4312
8199
4878
5500
69
6999
363
7706
7511
3438
8938
7835
9308
8122
6816
8493
7178
2820
1963
9078
8168
5682
9718
4690
313
2073
310
8166
8991
8328
8444
8046
3250
5383
9298
1486
5318
7953
22
7765
8627
2155
911
4437
6565
8592
9999
9437
1339
60
8972
3201
4866
2843
188
8003
7036
713
5533
3591
327
6199
9225
893
308
9825
3124
6025
5279
7052
1733
5511
5643
7940
6664
116
1246
8798
5570
4326
614
4798
2682
2751
9419
1531
7784
6812
9166
3949
6533
771
1117
9462
5392
5982
5419
4167
6143
4519
5919
3363
1166
9660
6757
7664
1128
2764
9640
6384
6266
3531
381
4163
9940
6496
6214
9879
605
3676
5196
9392
7679
6181
7489
5190
6882
4170
7022
8713
6966
3221
8861
6003
1594
2645
2602
6120
7324
1385
3322
8365
6655
6811
4714
7042
9795
1488
9972
9924
16
8251
4274
1391
8137
1313
4777
854
97
4850
480
9994
7939
6248
9649
8551
995
1558
6859
4804
6709
1786
4074
8583
4734
2564
8278
8343
6133
7973
6865
9588
5182
2963
7223
3294
3866
4549
5619
5953
888
3266
672
6623
3140
5188
9376
6725
8393
6846
4211
3348
5532
4250
3520
2655
1657
2568
9021
9591
7674
3116
2325
8447
4472
5116
5223
5202
52
2991
5988
3055
4318
7513
8431
1344
6485
7854
4341
7634
5590
8542
4983
800
403
344
1586
1575
7279
5937
2620
1899
7714
9958
4608
677
7320
8169
6512
5842
4041
595
5195
1729
8624
7990
4120
2028
5737
1327
8733
90
6148
9692
3109
2574
1848
3459
3909
844
4248
515
3207
7840
4807
9154
8260
3728
8992
1909
2654
9175
3577
2118
6256
9857
7233
3889
5243
3985
4656
1053
5135
1930
436
2428
6141
9775
5660
8445
1456
9066
6814
2256
401
575
6550
395
8643
1792
5320
9946
8414
3464
5976
6244
8611
989
2857
2961
5183
1948
6401
5947
1099
2729
1770
2221
5796
8494
9764
2748
6006
7447
9915
5544
8768
7520
1188
4056
2036
1903
866
7620
2415
5604
8681
6824
9045
6829
4220
8732
2956
636
6360
4852
1975
4880
6850
9559
1614
7208
7549
5208
6121
3490
8325
9510
9654
4145
7406
5284
6011
2079
4886
6844
5296
5063
7552
6382
7423
9305
6905
277
3396
3026
912
1533
7142
3530
8969
8967
441
8121
5409
3267
5959
1727
6788
2026
2324
4287
3769
4289
9929
875
1503
1199
5360
9724
3482
3061
7566
2712
4498
5971
4207
8035
7224
3666
901
1989
9540
9358
2161
5093
7888
6511
1359
7333
879
6278
2151
6516
6039
3440
4185
5896
855
6368
6118
5263
7806
7181
7356
5129
9122
1779
3302
5218
5747
9656
5340
3148
5849
9900
1490
7316
7457
704
908
6315
5224
569
4574
260
5791
4001
7506
7191
9806
1350
4051
5019
1278
5592
2019
5355
8913
4740
1293
1142
9480
9848
5997
3995
8387
2175
8275
7801
6035
7857
8340
7294
7713
6866
9938
6138
655
3660
978
3074
3642
6318
7505
6479
2995
9278
9676
2560
1700
1596
5987
9791
8973
7300
4686
6751
8170
221
657
2113
6320
8772
245
9013
9176
4426
8612
8141
4583
8496
3953
9487
3426
5649
1864
4945
6738
6721
2153
6240
4141
3543
6330
1401
5608
4620
6002
5668
3885
1593
1312
273
7790
8984
2110
1514
2114
466
788
4518
7893
2239
4652
4662
919
1785
8698
3992
4505
2116
3668
4700
863
5630
2913
5763
7780
132
5503
6784
158
9374
7791
7028
3199
4942
8625
2389
6283
6453
6790
7921
6781
2119
9250
3752
2936
7701
6411
3288
2247
9435
1835
285
8244
4456
2318
1299
6336
105
6130
7063
3563
9050
7255
3991
8507
1303
9282
7409
1597
5462
2180
5062
3463
1595
4993
1055
1904
3704
7532
8899
6849
5332
5101
9630
1112
6513
6319
437
9773
2883
6355
5945
1887
9383
9673
1405
6765
4927
210
2556
5375
620
2423
2455
8562
7931
9134
2657
6173
8094
2050
8389
5226
6055
1105
7527
1210
4105
6914
2025
2141
9984
7234
3533
1133
3241
3558
5418
4706
8152
77
5158
4889
6472
2964
7912
9657
3522
6094
7087
8780
3683
6911
9362
1232
1604
8309
4601
7430
1018
6817
2018
6107
2692
7781
6649
2303
8425
6575
3358
6977
5071
3920
5148
5278
2048
8345
9294
9987
1432
5402
3344
3593
8567
4703
1231
5012
8543
4235
8620
4930
3376
2951
3171
6970
2159
2364
9577
5910
8855
8107
205
4444
5998
4429
7015
668
6755
208
2878
4173
7719
8128
6054
100
4029
8432
3256
1517
1686
8226
8388
6464
894
3465
4333
3469
5473
1383
177
5727
8488
9776
1373
7881
6284
2516
856
3439
2469
8377
3836
833
6462
4343
7586
9930
9088
6841
2453
3633
4265
1662
9542
6205
3550
2341
3526
3173
7826
5094
5628
8247
7084
9746
6773
7568
9218
5664
799
975
7746
1683
917
169
7060
4353
9823
552
7275
7913
3432
890
8317
4356
9044
4591
9443
9914
6224
7246
7550
1291
2998
8845
5014
2133
8201
3716
3569
8218
3811
5647
7838
9470
9411
1193
5596
7682
5268
3887
8219
2769
3566
7319
4021
3035
577
6838
3572
159
9704
3121
6750
7025
5905
36
199
985
3589
7894
518
6616
7265
8064
1028
1603
7291
5205
2714
2962
4125
9427
3188
9503
2885
3298
9688
3340
1152
4475
332
5380
7248
5058
4378
6560
7657
7955
9409
3738
3336
9867
3147
5708
5860
7218
3512
2496
4020
4294
2628
3509
4129
2321
3699
3654
3895
9449
178
9196
4538
2761
4581
4681
9402
3361
3924
4614
2902
9046
9719
5836
1608
8997
7004
1102
6973
5908
3007
516
8609
346
1829
7904
7567
9410
390
7099
4344
3640
4955
8497
3655
6446
8737
1093
9183
2077
1508
7029
5923
464
201
3619
1663
2279
5634
7101
5554
5256
5863
7373
4892
2328
5984
2519
8981
1737
8934
8212
3708
4222
5191
6132
4743
4784
1908
2812
96
1487
8148
3812
3907
9580
553
4959
4015
1315
1285
3763
8029
8120
4551
9800
3833
1357
7915
9982
8312
9188
559
9895
2302
7902
1120
8509
8517
1244
5210
1587
7261
4557
9763
4895
5459
2061
3764
7914
7336
9636
8254
8725
949
2686
511
8629
8303
23
8747
6786
2711
4544
3748
6372
687
4115
9187
4084
8682
3360
8191
4841
1637
8788
3166
6161
9103
2349
9843
9602
5022
1273
8621
3707
1033
5658
8298
3524
9804
4828
8047
8125
5962
6580
4330
8805
293
1476
6176
6748
7399
3237
2193
1003
8654
3713
3967
5973
307
3843
628
5915
4179
684
7631
6241
1264
8787
4230
3085
218
7601
3454
6603
7886
3621
2477
7439
2181
5537
4453
1763
2683
5663
9184
2790
9399
5257
724
7388
2112
4919
7689
637
8451
4594
8636
2738
9584
2128
1403
5255
5277
6628
20
2797
2142
5845
5907
6151
814
136
1976
6346
2971
62
4728
7332
6815
996
647
9927
1321
3941
5781
5745
8723
6033
8453
5382
8700
6937
399
1621
7603
4775
6052
4159
8081
2662
8508
3628
6327
3865
1236
41
2482
520
3510
3804
8072
7871
6789
8888
6362
8819
8283
6747
904
2046
6171
7917
6013
7775
4788
8352
681
1612
9593
4418
8538
217
8364
886
7677
8891
3189
827
8349
2704
830
6821
4885
8058
3435
5780
5273
7121
4625
5070
9385
8133
4380
5726
2767
306
9372
4783
882
8539
903
2948
1433
9387
138
4540
8225
6917
4119
6407
7045
4940
8586
2293
3458
8994
7600
78
323
3925
5633
9367
8650
5637
9748
3658
7277
9062
4770
4245
8528
4060
9222
5932
8158
8481
4763
557
6663
3877
3251
9243
8182
6064
2555
2511
6992
8813
4231
8655
3058
5944
6079
3976
4495
5810
6780
5398
4320
9036
349
4570
5276
3000
9136
4392
8817
26
9141
791
5875
2461
4718
3600
1135
566
6568
2506
9112
587
736
5480
5575
7665
5450
3414
7075
5072
6272
2612
6153
626
8850
8321
4969
9091
6689
8151
9168
534
7796
608
1069
6753
4345
4256
4860
5854
1926
3183
6806
708
6074
7200
5650
6457
3701
6895
4977
7360
5895
1715
1295
8848
2407
9526
8333
2186
4879
1090
2266
9870
7007
1893
8579
5150
3222
2066
1861
4325
5258
1639
9824
754
4875
4004
9147
5029
3076
976
2139
3442
2432
3773
4000
8870
6791
3945
8077
3818
6756
3174
2207
8270
345
9885
4101
3808
6657
9083
1222
5373
298
1563
6092
2185
7757
5689
1085
1655
550
9482
5508
7446
3695
6713
9231
3830
5855
9138
2622
4833
5160
1940
7605
4011
6071
944
269
4048
1513
4137
9941
3899
8017
5358
4822
6938
9528
7978
8869
9810
6909
9572
4937
5241
1778
5535
9912
6520
1858
2392
2377
5306
9307
2616
2089
445
2886
4236
8305
3157
7772
7008
7589
9550
692
9431
8353
1535
4477
9501
2530
7529
9792
8527
416
7116
1529
2637
1681
5980
7820
6727
7925
2631
3053
741
287
3888
3973
3089
746
700
2107
5588
1850
5303
7414
4744
2230
6761
4720
8129
6044
6566
3101
4008
7547
4393
2383
2238
4434
3018
4867
7295
2614
3263
738
6445
5061
2494
3392
5543
3384
5461
1720
8276
2205
6376
1838
8379
7012
2678
25
8368
5991
6943
648
9950
3036
6425
6443
3090
7951
970
7720
709
356
4053
3594
5175
5479
2416
1973
8202
8546
913
